0000000000000000000000000000000000000000000000000
0000000000000000000000000000000000000000000000000
0000000000000000000000000000000000000000000000000
0000000000000000000000000000000000000000000000000
0000000000000000000000000110000000000000000000000
0000050005000000000000000100000005000500000000000
0000005050050550005011000105000500505000000000000
0000000500000505005010100105000500050000000000000
0000005050050500505010010105000500505000000000000
0000050005050500055010001100555005000500000000000
0000000000000000000010000000000000000000000000000
0000000000000000000110000999999999999900000000000
0000000000000000000000000000000000000000000000000
0000000000000000000000000000000000000000000000000
0000000000000000000000000000000000000000000000000
0000000000000000000000000000000000000000000000000
0000000000000000000000000000000000000000000000000
