e777777777777777777777777777777777777777777777777
8888888888888888888888888888888888888888888888888
0000000000000000000000000000000000000000000000000
0888888888008888888888888888888888888888888888888
0888888888008888888888888888888888888888888888888
0888888888008888888888888888888888888888888888888
0888888888008888888888888888888888888888888888888
0888888888008888888888888888888888888888888888888
0888888888008888888888888888888888888888888888888
0888888888008888888888888888888888888888888888888
0888888888008888888888888888888888888888888888888
0888888888008888888888888888888888888888888888888
0888888888008888888888888888888888888888888888888
0888888888008888888888888888888888888888888888888
0888888888008888888888888888888888888888888888888
0888888888008888888888888888888888888888888888888
0888888888008888888888888888888888888888888888888
